11666,5
11833,4
12000,3+
12333,4
12666,5
13000,1-
13000,6
13333,3
13333,4
14000,5R
14000,2L
14333,6+
14500,6-
14500,3+
14666,6U
15000,6
15166,5+
15500,4-
15666,5R
16000,6
16166,5L
16500,4R
16666,5
16666,1-
16750,1
16833,5
16916,2
17000,5
17083,3
17166,5+
17500,2
17666,1
17833,2
18000,5-
18000,3
18166,2
18250,4
18333,1
18500,2R
18500,5R
19500,3
19583,4
19666,5R
20000,1+
20000,6+
20333,1U
20666,1
20833,2
21000,3
21166,2+
21500,6-
21500,2-
21666,1
21833,2
21916,4
22000,2
22166,5
22333,3
22500,6
22666,2+
23000,2-
23000,5R
23250,2
23333,4
23500,2
23666,5
23833,2+
24166,6
24333,5
24583,4
24583,2-
24666,2
24833,3
25000,4
25166,5
25333,6+
25666,6-
25666,3L
25916,2
26000,2
26166,5
26333,3
26500,6+
26833,1
27000,2
27166,6-
27166,3
27250,6
27333,3
27500,6
27666,5
27750,2
27833,4
28000,2L
28000,5R
28166,1
28166,6
28500,5+
28833,5-
28833,2
29000,5
29166,4
29333,1L
29500,5
29666,2
29833,6+
30333,1+
30666,6U
30666,1U
31000,5
31333,4
31666,3
31833,5
32000,2
32333,1L
32500,6+
32666,2
32833,6-
32833,1+
33000,5
33166,1-
33166,4+
33333,2L
33666,1
33833,4-
34000,1R
34000,5+
34333,2
34500,5-
34666,2L
34666,4+
35000,1
35166,4-
35333,5+
35333,1R
35666,2
35833,5-
36000,2U
36000,5R
36333,2
36666,3
37000,4
37166,2
37333,5
37666,6
37833,3+
38000,5
38166,3-
38333,2L
38333,5
38666,1+
38666,6
39000,5
39333,1-
39333,4
39500,2
39666,5
39833,3
40166,2R
40333,4U
40500,2L
40666,1
40666,6
41000,1
41000,6
41333,5U
41333,2U
41666,5
41916,4
42000,2
42166,3
42333,4
42666,2
42833,3
43000,4
43166,5
43500,3
43666,4
43833,3+
44166,5
44333,6
44583,4
44666,4
44833,5
45000,1-
45000,5+
45333,6-
45333,3
45500,4
45666,3
45833,2
46166,4
46333,3
46666,1R
46666,6L
47000,2
47250,3
47333,5
47500,4
47666,3
48000,5
48000,2U
48166,4
48333,3
48500,2
48500,5U
48833,4
49000,3
49333,2
49333,6+
49666,3
49666,6-
49916,2
50000,2
50166,5
50333,1
50500,4
50833,5L
51000,3U
51166,5R
51333,2
51333,6
51500,3
51666,4
51833,5
52000,2+
52333,5
52666,4
52833,5
53000,2-
53000,6
53333,5+
53666,3
53833,2
54000,5-
54000,1
54166,4
54333,3
54500,2
54583,4
54666,2+
55000,5
55333,4
55500,5
55666,2-
55666,6
56000,6+
56166,1
56333,2
56500,3
56666,2+
56666,6-
56833,5+
57000,2-
57166,5-
57333,2
57333,5
57666,3
57833,5+
58166,2
58333,1+
58833,1-
59000,2
59250,2
59250,5-
59333,5
59500,2
59666,1
59750,4
59833,2
59916,5
60000,3
60333,3
60500,6+
60833,3
61000,2
61166,6-
61166,1
62000,1!
68000,2+
68000,5+
68166,5-
68333,5
68500,2U
68666,5+
68833,5-
69000,2
69000,5
69166,1+
69333,5+
69500,5-
69666,5
69833,1-
70000,3
70000,6+
70166,6-
70333,2
70333,5
70666,1+
70666,5+
70833,5-
71000,4
71166,4+
71166,1-
71333,3+
71500,3-
71666,2+
71833,2-
72000,1+
72166,1-
72333,2+
72500,2-
72583,6-
72666,2
72666,6
73000,3
73166,4
73333,2+
73333,5+
73500,5-
73666,5
73833,2U
74000,5+
74166,5-
74333,2
74333,5
74500,1+
74666,5+
74833,5-
75000,5
75166,1-
75333,3
75333,6+
75500,6-
75666,2
75666,5
76000,2+
76000,6+
76166,2-
76333,3
76500,6-
76500,3
76666,2+
76833,5+
77000,2-
77166,5U
77166,1
77500,5
77666,2
77916,3
78000,5
78166,3+
78333,3-
78333,5
78416,3
78500,5
78583,3
78666,5U
78833,2
79000,5U
79166,1
79333,5U
79500,2
79666,5U
79833,1+
80000,6
80333,5
80666,1-
80666,4
80833,5
81000,3
81000,6+
81333,2L
81333,6-
81500,5
81666,2L
81833,4
81916,4
82000,2L
82166,5
82333,2L
82500,6+
82833,1
83000,2
83250,6-
83333,3
83333,6
83500,4
83666,3
83750,5
83833,2
83916,4
84000,1+
84166,4
84166,1-
84333,2+
84500,2-
84500,5
84666,3+
84833,3-
84833,6
85000,1
85083,6
85166,2
85250,5
85333,3
86000,5R
86000,2L
86333,2
86500,3
86666,4+
86833,3
87000,4-
87000,2
87166,1
87250,4
87333,2+
87583,5+
87583,2-
87833,5-
88000,3+
88166,4
88333,3-
88333,5
88416,3
88500,6
88666,5+
88916,2+
88916,5-
89166,2-
89333,2
89416,5
89500,3
89666,4
89833,3
89916,5
90000,2+
90250,5+
90250,2-
90500,5-
90666,1
90750,4
90833,2
91000,6
91083,3
91166,5
91250,2
91333,4
91500,2L
91666,5R
92000,6+
92000,2+
92166,2-
92333,1+
92500,1-
92666,2+
92833,2-
93000,3+
93166,6-
93166,3-
93333,5+
93333,2+
93500,2-
93666,1+
93833,1-
94000,2+
94166,2-
94333,3+
94500,5-
94500,3-
94666,2+
94666,6+
94833,6-
95000,5+
95166,5-
95333,4+
95500,4-
95666,5+
95833,2-
95833,5-
96000,1+
96000,6+
96166,6-
96333,5+
96500,5-
96500,1-
96666,3
96833,6
97000,2
97166,5
97333,1+
97333,4+
97500,4-
97666,5+
97833,1-
97833,5-
98000,6+
98000,2+
98166,6-
98333,5+
98500,5-
98500,2-
98666,1+
98666,6+
98833,1-
99000,2+
99166,2-
99333,3+
99500,3-
99666,6-
99666,2
100000,1+
100000,6
100166,5
100333,4
100583,5
100666,5
100833,6
101166,1R
101500,5
101666,4
101833,3
101916,5
102000,2
102166,1
102333,6
102416,3
102500,5
102583,2
102666,4+
103000,2
103333,3
103666,2
104000,1
104333,1R
104666,2R
105000,3R
105000,6-
105333,1+
105333,4R
105666,5R
106000,6+
106333,6L
106500,5+
106833,5-
107000,1-
107000,4
107166,3
107250,5
107333,2
107500,3
107666,4
107833,5+
108000,1+
108333,5-
108500,1-
108500,4
108666,5+
108833,3
109000,2
109166,5-
109333,6+
109333,1+
109500,1-
109666,2+
109833,2-
110000,3+
110166,3-
110333,6-
110333,2
110666,1+
110666,4+
110833,4-
111000,6+
111166,6-
111333,4
111500,5
111666,6
111833,1U
112666,2
112750,5
112833,2
112916,5
113000,2
113083,5
113166,2
113250,5
113333,2+
113500,6
113666,6
113666,2-
113833,1+
114000,5
114166,1-
114166,5
114333,3+
114500,6+
114833,3-
114833,6-
115000,3
115166,6
115333,5
115416,2
115500,4
115666,3
115750,5
115833,2
116000,4+
116333,1
116500,4-
116500,2+
116666,5
116833,6
117166,4+
117500,4-
117666,5
117833,2-
117916,4
118000,2
118166,4
118333,3
118416,6
118500,2
118583,5
118666,3+
119000,5
119166,3-
119250,5
119333,3
119500,2
119666,2
119833,5+
120166,3
120333,5-
120500,5
120583,2
120666,5L
120833,2
121000,5L
121250,2
121333,5+
121666,1
121833,5-
121833,2
121916,5
122000,3
122166,4+
122500,4U
122500,1+
122833,4
123000,1U
123000,4
123333,5
123500,2
124000,4R
124000,1R
124166,2
124333,3
124500,4
124666,1R
124833,4R
125166,4+
125166,1+
126000,3-
126000,6-
126333,6+
126666,6L
126666,3L
126833,5
127000,4
127166,3
127333,6L
127500,3L
127833,6+
127833,3+
128166,5-
128333,5
128500,6
128666,1-
128666,5
128833,4
129000,3
129166,2
129333,1+
129500,1-
129500,4
129666,2+
129833,5
129833,2-
130000,3+
130166,3-
130166,6
130333,1
130416,6
130500,2
130583,5
130666,3
133333,3+
134000,4
134000,1-
134166,5R
134333,6R
134666,4+
134833,3
135000,4-
135000,2
135166,1
135250,4
135333,2+
135583,5+
135583,2-
135833,5-
136000,3+
136166,4
136333,3-
136333,5
136416,3
136500,6
136666,5+
136916,2+
136916,5-
137166,2-
137666,6+
137666,1+
140500,3-
140500,4-