13000,1
13000,6
13916,2
13916,5
14666,5
14750,3
15000,2
15000,6+
15916,6-
15250,2
15500,3
15666,2
15916,2
16166,4
16250,3+
17000,1-
16500,5
16750,6
17000,5+
17916,6-
17500,2
17916,1
18166,4
18250,1
18416,5
18500,2
18666,6
18750,3
19000,1+
19916,2-
19000,6
19500,5
19916,4
20166,2
20250,5
20416,3
20500,5
20583,3
20666,5
20750,3
20916,5
21000,2
21250,1
21250,4
21500,5
21750,3
21750,6
21916,2
22166,5
22250,3
22500,4
22750,2
22750,5
23000,2
23250,1
23250,4
23500,5
23750,3
23750,6
23916,4+
24166,4-
24166,2
24250,4
24416,2
24500,5
24666,2
24750,6
25000,2
25250,1
25250,4
25500,5
25750,3
25750,6
25916,2
26166,5
26250,3
26500,4
26750,2
26750,5
27000,2
27250,1
27250,4
27500,5
27750,3
27750,6
27916,3+
28166,3-
28166,5
28250,3
28416,5
28500,2
28666,5
28750,1
29000,2
29250,1
29250,4
29500,5
29750,3
29750,6
29916,2
30166,5
30250,3
30500,4
30750,2
30750,5
31000,6+
31250,6-
31250,2
31500,1+
31750,1-
31750,5
31916,6+
32166,6-
32166,2
32250,6
32416,2
32500,5
32666,2
32750,4
33000,3+
33250,3-
33250,6
33500,2
33666,5
33916,4+
34166,4-
34166,1
34250,5
34500,2
34666,5
34916,3+
35166,3-
35166,6
35250,2
35500,1
35500,6
35666,2
35666,5
35916,1+
36166,1-
35916,6+
36166,6-
36250,2
36250,5
36500,2
36583,5
36666,2
36750,5+
36916,5-
37250,2
37500,3
37750,4
38000,5+
38250,5-
38250,2
38416,6+
38666,6-
38666,1
39250,3
39500,4
39750,5
40000,6+
40250,6-
40250,2
40500,5+
40750,5-
40750,1
41000,2+
42166,2-
41333,6+
42166,6-
42250,3
42500,4
42750,5
42916,3
43000,6
43166,2
43250,5
43416,1
43500,4
43666,2
43666,5
43916,3
43916,6
44166,3
44250,5
44500,2
44500,5
44750,1
44750,4
45250,2
45500,3
45750,4
46000,5+
46250,5-
46250,2
46416,6+
46750,6-
46750,1
47250,3
47500,4
47750,5
48000,6+
48416,6-
48416,3
48750,1+
49083,2-
48750,4+
49083,5-
49250,2+
50250,1-
49250,5+
50250,4-
50500,4
50666,2
50750,5
50916,3
51000,6
51166,2
51250,5
51416,1
51500,4
51666,2
51666,5
51916,3
51916,6
52166,2
52250,4
52500,3+
53000,1-
52750,5
53000,4
53166,5
53250,3
53416,5
53500,3
53750,2
53916,1+
54416,1-
53916,4
54166,5
54416,6
54666,3
54750,5
54916,3
55000,6+
55250,6-
55250,3
55500,2
55666,1+
55916,1-
55916,4+
56250,4-
56250,1
56416,5
56666,6+
57000,6-
57000,1
57166,6
57250,3
57416,5
57500,2
57666,4
57916,3
57916,6
58125,2
58333,5+
58666,5-
58750,3
58916,4
59000,2
59250,1
59250,5
59500,2
59666,5
59916,2+
60166,2-
59916,6
60166,5
60250,2
60500,5
60583,3
60666,5
60750,3
61000,2
61000,5
61166,5
61250,2
61416,4
61500,1
61666,1
61666,4
61916,2
61916,5
62166,3
62166,6
62416,3+
62666,3-
62416,6+
62666,6-
62750,6
62937,3
63000,6
63250,2
63250,5
63500,2
63666,4
63916,2
63916,5
64166,1
64166,4
64416,2
64416,5
64666,3
64666,6
64916,2
64916,5+
65250,5-
65250,2+
65500,2-
65500,4+
65750,4-
65750,1
65916,1
66000,5
66166,2
66250,6+
66500,6-
66500,3
66666,5
66750,3
67000,2
67000,5
67166,2
67166,5
67416,1
67416,4
67666,2
67666,5
67916,3
67916,6
68250,6+
68500,5-
68500,3+
68750,2-
68750,6
69000,5+
69166,5-
69166,3
69250,6
69416,5
69500,2+
69666,2-
69666,4
69750,1
69916,2
70000,5+
70166,5-
70166,3
70250,6
70416,5
70500,2+
70666,2-
70666,4
70750,1
71000,5+
71250,5-
71250,3
71416,5
71666,2
71916,1
71916,6
72166,4
72250,2
72416,5
72500,3
72750,2
72750,6
73000,5+
73166,5-
73166,3
73250,6
73416,5
73500,2+
73666,2-
73666,4
73750,1
73916,2
74000,5+
74166,5-
74166,3
74250,6
74416,5
74500,2+
74666,2-
74666,4
74750,1
75000,3+
75916,1-
75250,4
75416,5
75666,5
75916,6
76166,5
76250,2
76416,5
76500,1
76666,5
76750,1
77250,2+
77375,(1.1)=
77500,(1.9)=
77625,(1.1)=
77750,2=
77875,(1.1)=
78000,2=
78125,(1.1)=
78250,2=
78687,1-
77250,4+
77375,(4.9)=
77500,4=
77625,(4.9)=
77750,4=
77875,(4.9)=
78000,4=
78125,(4.9)=
78250,4=
78687,5-
79250,3+
79375,(2.1)=
79500,3=
79625,(2.1)=
79750,3=
79875,(2.1)=
80000,3=
80125,(2.1)=
80250,3=
80687,2-
79250,5+
79375,(5.9)=
79500,5=
79625,(5.9)=
79750,5=
79875,(5.9)=
80000,5=
80125,(5.9)=
80250,5=
80687,6-
81000,4
81250,2
81416,5
81666,3
81916,1+
82250,2-
81916,5+
82250,6-
82500,3
82583,5
82666,3
82750,5
83000,3
83250,4
83500,5
83666,1
83666,6
83916,2+
84500,1-
83916,5+
84500,6-
85000,1!
93250,2+
93375,(1.1)=
93500,(1.9)=
93625,(1.1)=
93750,2=
93875,(1.1)=
94000,2=
94125,(1.1)=
94250,2=
94687,1-
93250,4+
93375,(4.9)=
93500,4=
93625,(4.9)=
93750,4=
93875,(4.9)=
94000,4=
94125,(4.9)=
94250,4=
94687,5-
95250,3+
95375,(2.1)=
95500,3=
95625,(2.1)=
95750,3=
95875,(2.1)=
96000,3=
96125,(2.1)=
96250,3=
96687,2-
95250,5+
95375,(5.9)=
95500,5=
95625,(5.9)=
95750,5=
95875,(5.9)=
96000,5=
96125,(5.9)=
96250,5=
96687,6-
97000,4
97250,2
97416,5
97666,3
97916,1+
98250,2-
97916,5+
98250,6-
98750,2
98750,5
98937,4
99000,3
99250,4
99500,5
99666,1
99666,6
99916,5
100166,3
100250,5
100500,3
100750,4
101000,2
101000,5
101250,1+
102750,1-
101250,6+
102750,6-
103000,2
103250,1
103250,4
103500,5
103750,3
103750,6
103916,4+
104166,4-
104166,2
104250,4
104416,2
104500,5
104666,2
104750,6
105000,1+
105916,1-
105250,4
105500,5
105750,6
105916,6
106166,5
106250,3
106500,4
106750,2
106750,5
107000,2
107250,1
107250,4
107500,5
107750,3
107750,6
107916,3+
108166,3-
108166,5
108250,3
108416,5
108500,2
108666,5
108750,1
109000,6+
109916,6-
109250,3
109500,2
109750,1
109916,1
110166,5
110250,3
110500,4
110750,2
110750,5
111000,6+
111250,6-
111250,2
111500,1+
111750,1-
111750,5
111916,6+
112166,6-
112166,2
112250,6
112416,2
112500,5
112666,2
112750,4
113000,3+
113250,3-
113250,6
113500,2
113666,5
113916,4+
114166,4-
114166,1
114250,5
114500,2
114666,5
114916,3+
115166,3-
115166,6
115250,2
115500,1
115500,6
115666,2
115666,5
115916,1+
116166,1-
115916,6+
116166,6-
116250,2
116250,5
116500,2
116583,5
116666,2
116750,5+
116916,5-
117000,1+
118500,1-
117166,4
117416,5
117666,4
117916,5
118166,4
118416,5
118750,1
118750,5
119000,6+
119916,6-
119166,3
119416,2
119666,3
119916,2
120250,3+
120916,1-
120250,6+
120916,(4.1)-
121500,2
