6428,4
6535,2
6642,5
6750,2
6857,5R
7178,1
7178,6
7500,2
7500,5
7714,5L
7714,2U
8035,2
8035,5
8357,1
8357,6
8571,2
8571,5U
8892,2U
8892,5
9214,5+
9214,2+
9642,1-
9642,6-
9857,3
9964,5
10071,2
10178,5
10285,2L
10607,1
10607,6
10928,5
10928,2
11142,2L
11142,5
11464,1
11464,6
11785,2
11785,5
12000,2R
12321,3L
12642,2+
13071,2U
13285,5
13392,3
13500,5
13607,2
13714,5+
14035,5-
14035,2
14142,6+
14357,6-
14357,1
14464,5
14571,2+
14892,5
14892,2-
15000,1+
15214,1-
15214,6
15321,2
15428,5+
15750,5-
15750,2
15857,4
16071,6+
16500,2
16714,2
16714,6-
17142,1+
17142,4+
17571,3-
17571,6-
17785,6
17892,3
18000,5+
18214,5-
18214,2+
18428,6
18428,2-
18642,4+
19071,6-
19071,2
19285,2
19392,5
19500,2
19607,4
19714,1
19821,4
19928,2
20035,5
20142,2
20250,4
20357,1
20464,4
20571,2U
22285,1
22285,4
22928,2
22928,5
23357,3+
24000,6R
24000,3U
25714,3U
25714,6
26142,2L
26357,1L
26357,5
26785,1+
26785,4+
27428,3L
27428,6L
28071,4R
28071,1R
28500,3
28500,6
28928,2L
28928,5
29785,2R
30214,3
30214,6
30642,3+
30642,6+
31714,6-
31714,1-
31928,2
31928,5
32357,2R
32357,4
32785,2R
32785,5
33214,2R
33214,6
33642,6
33642,2
33857,4
33964,2
34071,5
34178,3
34285,5
34500,4
34714,3
34714,6
34928,2
35035,4
35142,2
35357,3
35571,4
35571,1
35785,3
35892,5
36000,3+
36321,5
36428,1-
36642,6
36750,3
36857,5
36964,2
37071,4
37178,1
37285,5
37392,2
37500,5L
37714,2
37928,3
38142,1
38142,4
38357,5
38464,3
38571,5
38785,4
39000,3
39000,6
39214,3
39321,5
39428,3+
39750,5
39857,1-
40071,1U
40500,3
40714,4
40928,5R
40928,1L
41357,4
41571,3
41785,2L
41785,6R
42214,3
42428,4
42642,1U
42642,5U
43071,2
43285,5L
43500,2R
43928,3
44142,4
44357,2+
44357,5+
44785,1-
44785,6-
45000,2
45214,5
45321,3
45428,6+
45642,2+
45857,2-
45857,6-
46071,3
46071,6
46500,2
46500,5
46928,1U
46928,4U
47357,2
47357,5
47571,3
47678,5
47785,3
47892,6
48000,3L
49071,2+
49071,6+
49714,2L
49714,6L
50785,2+
50785,5+
51428,5R
51428,2L
52500,3+
52500,6+
53142,3-
53142,6-
53357,3U
53785,2U
54214,1U
54428,3
54535,5
54642,3
54750,5
54857,3+
55178,5
55285,1-
55500,2
55500,4
55714,4+
55928,2+
56035,6-
56142,2-
56357,5+
56571,1+
56785,5-
56892,3-
57000,6+
57214,2+
57428,4-
57642,2-
57750,5+
57857,1+
58071,1-
58071,6-
58285,2+
58285,5+
58714,1R
58928,6L
59571,2R
59571,5L
60000,4+
60214,4-
60214,2+
60428,4
60428,2-
60535,1
60642,5+
60857,5-
60857,1+
61071,6
61500,1-
61500,6
61928,1+
61928,4+
62357,3-
62357,6-
62571,2
62678,5
62785,3
62892,5
63000,2
63107,5
63214,3
63428,2
63428,5
63750,5
63857,3
64071,5+
64285,2
64500,3
64500,5-
64607,5
64714,2
64928,1+
64928,5L
65357,1U
65571,5
65785,2
65892,4
66000,1+
66214,4
66214,1-
66321,2
66428,5+
66642,5-
66642,2
66750,6
66857,3+
67071,3-
67071,6
67285,4+
67500,1+
67500,4-
67928,1-
67928,4
68142,2
68142,5
68357,3+
68357,6+
68785,1-
68785,4-
69000,1
69000,4
69214,5
69321,3
69428,6+
69642,6-
69642,3
69750,5
69857,2+
70071,2-
70071,5
70285,2L
70607,2
70714,4
70928,2+
70928,4+
71357,1-
71357,5-
71785,2L
71785,5L
72214,1U
72214,4U
72642,2R
72642,5R
73071,6L
73071,3L
73285,4
73392,1
73500,4
73714,1R
73714,4R
74035,2
74142,5
74357,1+
74571,1-
74571,4
74678,2
74785,5
74892,3
75000,5R
75214,1+
75642,3-
75642,5
75750,3
75857,5
76071,6
76178,3
76285,5
76392,2
76500,5
76607,3
76714,5R
77142,2
77142,5
77464,5
77571,3
77785,5+
78000,2
78214,3
78214,5-
78321,5
78428,2
78642,2+
78642,5+
79071,1-
79071,6-
79285,5
79500,2
79607,4
79714,1+
79928,1-
79928,4
80035,2
80142,5+
80357,5-
80357,2
80464,6
80571,3+
80785,3-
80785,6
81000,4+
81214,4-
81214,1+
81642,1-
81642,4
81857,2
81857,5
82071,3+
82071,6+
82500,1-
82500,4-
82714,4
82714,1
82928,5
83035,3
83142,6+
83357,6-
83357,3
83464,5
83571,2+
83785,2-
83785,5
84000,2U
84321,2
84428,4
84642,2+
84642,4+
85071,1-
85071,5-
85500,2L
85500,5L
85928,1U
85928,4U
86357,5R
86357,2R
86785,3L
86785,6L
87000,4
87107,1
87214,4
87428,1R
87428,4R
87750,2
87857,5
88071,1+
88285,4
88285,1-
88392,2
88500,5
88607,3
88714,5R
88928,2+
88928,5+
89357,1-
89357,6-
89464,5
89571,2
89785,5
89892,3
90000,5
90107,2
90214,5
90321,3
90428,6
90535,2
90642,5
90750,1+
90857,6+
91178,6-
91500,5+
91928,5-
91928,3-
92035,5
92142,3
92357,4+
92785,2
93000,6-
93000,2+
93428,4+
93428,1-
93642,2
93857,5-
93857,2
93964,5
94071,3
94178,5U
94500,5
94607,2
94714,4
94821,2L
95142,2
95250,5
95357,3
95464,5R
96000,1!
102857,2
102857,4R
103285,1
103285,5
103500,2+
103500,4+
103928,5-
103928,1-
104357,2L
104357,5L
104785,1U
104785,4U
105214,2R
105214,5R
105642,3L
105642,6L
105857,5
105964,2
106071,5
106285,2R
106285,5R
106607,2
106714,5
106928,1+
107142,1-
107142,4
107250,2
107357,5
107464,3
107571,5R
107785,6+
108214,4-
108214,2
108321,4
108428,2
108642,1
108750,4
108857,2
108964,5
109071,2
109178,4
109285,2R
109714,5
109714,2
110035,5
110142,3
110357,5+
110571,2
110785,5-
110785,3
110892,5
111000,2
111214,2+
111214,5+
111642,6-
111642,1-
111857,5
112071,2
112178,4
112285,1+
112500,1-
112500,4
112607,2
112714,5+
112928,2
112928,5-
113035,6
113142,3+
113357,3-
113357,5
113571,4+
113785,4-
113785,1+
114214,1-
114214,4
114428,5
114428,2
114642,3+
114642,6+
115071,1-
115071,4-
115285,1
115285,4
115500,5
115607,3
115714,6+
115928,3
115928,6-
116035,5
116142,2+
116357,2-
116357,5
116571,2U
116892,2
117000,4
117214,2+
117214,4+
117642,5-
117642,1-
118071,2L
118071,5L
118500,1U
118500,4U
118928,2R
118928,5R
119357,3L
119357,6L
119571,4
119678,1
119785,4
120000,1U
120000,4U
120321,2
120428,5
120642,1+
120857,1-
120857,4
120964,2
121071,5
121178,3
121285,6
121500,2+
121500,5+
121928,1-
121928,6-
122035,5
122142,2
122357,5
122464,3
122571,5
122678,2
122785,5
122892,3
123000,6
123107,2
123214,5
123321,1+
123428,5+
123857,5-
124071,6+
124500,6-
124714,3-
124714,6
124928,4+
125571,3+
125571,6-
126000,1-
126000,5L
126428,2L
126428,5R
126857,1+
127178,3-
127178,5
127285,3
127500,6+
127714,2
127928,2
127928,4-
128035,4
128142,2
128357,1+
128785,5+
129214,5-
129428,3L
129750,5+
130071,6-
130071,3
130178,5
130285,2
130392,4
130500,1+
130928,1-
130928,4
131035,1
131142,5
131250,2
131357,6
131464,3
131571,6L
131785,1
131785,4
132214,2
132214,5
132642,3+
132642,6+
133071,3-
133071,6-
133178,6
133285,3
133714,4+
134142,3
134571,3
134785,2
135000,6-
135000,1
135214,4+
135642,6L
135857,3
135928,5
136000,2
136071,4
136285,1
136392,5
136500,1
136607,4
136714,2
136821,5
136928,2
137035,4
137142,2R
137357,4
137428,2
137500,5
137571,3
137785,5R
138000,6+
138214,3+
138428,4-
138428,3-
138642,3+
138642,4+
140357,6=
140357,1=
142071,3U
142071,4U