7361,3+
8466,1-
8466,5
8650,2
8834,5R
9202,6+
9570,6-
9570,1+
9938,5+
9938,1-
10306,5-
10306,2
10858,1
10858,6
11226,6+
11411,1+
12515,4-
12699,3-
13251,3+
14171,5
14355,5
14539,6+
15092,6-
15460,5
15828,1-
15828,4
16196,2
16196,5
16748,6+
16748,1+
18588,2-
18773,5-
19141,1R
19509,5
19877,2R
20061,4
20245,4
20429,1
20613,1R
20981,2
21165,5
21349,2R
21533,5
21717,2
21717,5
22085,1+
22453,5+
22822,5-
23006,6
23190,5
23190,1-
23374,2
23558,3
23558,6+
23926,2+
24294,2-
24478,1
24662,2
24662,6-
24846,5
25030,2
25030,4
25398,1
25398,5
25766,5
25766,1U
25950,4
26134,3
26319,2+
26503,2U
26503,5
26871,6+
27239,6-
27239,1U
27423,5
27607,2
27607,4
27975,1+
28343,5+
28711,5-
28895,6
29079,1-
29079,5
29263,2
29447,3
29447,6+
29815,2+
30184,2-
30368,1
30552,2
30552,6-
30736,5
30920,2
30920,4
31288,4R
31656,1
31840,1+
32024,5R
32208,1-
32392,2+
32760,2-
32760,5R
32944,3+
33128,6
33312,6+
33496,6R
33496,3-
33865,3+
34233,3-
34233,6
34417,2+
34785,2-
34785,6
34969,1+
35705,5+
36073,5-
36073,1U
36257,4
36441,3+
36809,3-
36809,6+
37177,6-
37177,2
37361,1
37361,5
37730,3
37914,5+
38282,5-
38282,1+
38650,1-
38650,5
38834,2
38834,6
39018,5
39202,4
39386,3+
39754,3-
39754,5+
40122,5-
40122,1
40306,2
40398,5
40490,2
40674,5+
40858,2+
40858,5-
41042,2-
41042,6+
41226,1+
41595,6U
41595,1U
41963,5
42055,2
42147,5
42239,2
42331,5+
42699,2+
42699,5=
43067,6-
43067,1-
43435,3
43619,5
43803,2+
43987,5+
44355,6-
44355,1-
44539,6+
44723,1+
45092,5-
45092,2-
45276,3
45460,4
45644,2+
45644,5+
46012,4-
46012,1-
46380,4
46564,1
46748,4
46932,1+
46932,4+
47300,2-
47300,5-
47484,2+
47484,5+
48220,6-
48220,1-
48588,2R
48588,5R
48957,3
48957,6
49141,3U
49141,6U
49509,2
49509,5
49693,5R
49693,2L
50429,1R
50429,4R
50797,2
50797,5+
51165,5-
51165,1+
51717,4
51901,4
52269,5
52638,5
53006,6
53374,6
53374,1-
53742,6
53926,1
54110,5
54294,2
54478,5+
54662,2+
54846,5-
55030,2-
55030,5
55122,3
55214,4
55398,2
55398,5
55766,2L
55766,5R
56134,6
56134,1
56319,1U
56319,6U
56687,2+
56871,2-
56871,5
56963,3
57055,5
57147,3
57239,5
57331,3
57423,6+
57791,6-
57791,2
57975,1+
58159,5
58343,1-
58343,6+
58527,3
58711,2+
59079,6-
59263,2-
59263,6
59631,3
59815,5
60000,2
60184,5+
60368,5-
60368,1+
60736,4
60736,1-
60920,5+
61104,3
61288,5-
61288,2+
61472,6
61656,2-
61656,6+
62024,2
62024,6-
62208,1+
62208,5+
62576,2-
62576,6-
62760,2
62760,6
62944,2
63036,5
63128,2
63220,5
63312,2R
63680,3
63865,5
64049,2
64233,6+
64417,2
64601,6-
64601,2U
65153,2+
65153,4
65521,5+
65521,2-
65705,2
65889,5-
65889,1+
66257,1-
66257,6
66441,2+
66625,5
66809,5
66809,2-
66901,3
66993,4
67177,2
67177,5
67546,2L
67546,5R
67914,5
68006,2
68098,5+
68282,2
68282,5-
68466,2
68558,5
68650,2+
68834,2-
68834,5
68926,3
69018,5
69110,3
69202,6+
69570,2
69570,6-
69754,1+
69938,5
70122,1-
70122,6+
70306,3
70490,2+
70858,6-
71042,6
71042,2-
71411,4
71595,2
71779,5
71963,2+
72147,2-
72147,6+
72515,6-
72515,2
72699,5+
72883,2
73067,5-
73067,1
73435,2R
73803,2R
73803,4R
74171,2R
74171,6R
74539,5
74631,2
74723,5+
75092,5-
75092,1+
75460,6+
75644,6-
75828,5+
76196,1-
76196,5-
76288,2
76380,5
76472,2
76564,6+
76932,2+
77116,2-
77300,6-
77300,1+
77484,1-
77668,6+
77668,2
78036,6-
78036,1+
78220,6
78404,5
78588,1-
78588,4
78680,2
78773,4
78957,2+
79325,5+
79325,2-
79693,5-
79693,2
79877,2U
80981,1!
86871,5+
87055,3
87239,2
87423,1+
87423,5-
87791,4
87975,5
88159,1-
88159,6+
88527,2
88711,1+
89447,6U
89631,1U
89815,2+
89815,5+
90552,6-
90736,1-
90736,6
90828,2
90920,5
91104,1+
91104,6+
91472,6-
91656,5
92024,5+
92392,5-
92392,1-
92760,2U
92760,5U
93312,5+
93680,2+
94049,5R
94049,2L
94785,3
94877,5
94969,3
95153,5
95337,2
95521,5+
95705,5-
95705,1+
96073,4
96073,1-
96257,5+
96441,3
96625,5-
96625,2+
96809,6
96993,2R
96993,6R
97361,2
97361,6
97546,6+
97546,2+
97914,1-
97914,5-
98098,1
98098,5
98282,1
98374,4
98466,1
98558,4
98650,1R
99018,3
99202,5
99386,2
99570,6+
99754,2
99938,6-
99938,2U
100490,2+
100490,4
100858,5+
100858,2-
101042,2
101226,5-
101226,1+
101595,1-
101595,6
101779,2+
101963,5
102147,5
102147,2-
102239,3
102331,4
102515,2
102515,5
102883,2L
102883,5R
103251,5
103343,2
103435,5+
103619,5-
103619,2
103803,2
103895,5
103987,2+
104171,2-
104171,5
104263,3
104355,5
104447,3
104539,6+
104907,6-
104907,2
105092,1+
105276,5
105460,1-
105460,6+
105644,3
105828,2+
106196,6-
106380,2-
106380,6
106748,4
106932,2
107116,5
107300,2+
107484,2-
107484,6+
107852,6-
107852,2
108036,5+
108220,2
108404,1
108404,5-
108773,2R
109141,2R
109141,4R
109509,2R
109509,6R
109877,5
109969,2
110061,5+
110429,1+
110429,5-
110797,6+
110981,6-
111165,5+
111533,1-
111533,5-
111625,2
111717,5
111809,2
111901,6+
112269,2+
112453,2-
112638,1+
112638,6-
112822,1-
113006,2
113006,6+
113374,1+
113374,6-
113558,6
113742,5
113926,4
113926,1-
114018,2
114110,4
114294,2+
114662,2-
114662,5+
115030,5-
115030,2
115214,2U
115398,5+
115582,5-
115582,2
115674,5
115766,2
115950,1
116042,4
116134,1
116226,4
116319,1+
116503,4+
116687,4-
117055,5+
117239,5-
117607,6+
118159,6-
118527,4
118527,1-
118711,2
118895,5
119079,2
119263,6+
119631,6-
119631,2
119815,5+
120000,2
120184,1
120184,5-
120552,2L
120552,5L
120920,6+
121104,3+
121840,5-
121840,2-
121932,2
122024,5
122116,2
122208,6+
122576,6-
122576,2
122760,5+
123128,5-
123128,1
123312,4+
123312,1+
124049,1-
124049,4-
124417,1+
124601,1-
124601,5+
124785,5-
124785,2+
124969,2-
124969,6
125153,3+
125521,3-
125521,6
125705,2+
126073,2-
126073,5
126257,1+
126257,6+
126809,6-
126993,6
127177,5
127361,1-
127361,5
127546,4
127730,3
127914,2+
128466,4
128834,6+
129202,6-
129386,6
129570,5
129938,4
130306,6+
130674,6-
130858,6
131042,5
131411,4
131779,6+
132147,6-
132331,6
132515,5
132883,4
133251,6+
133619,6-
133803,2U
133803,6U