5036,1U
5036,2U
5693,1
5693,2
6131,1+
6350,1-
6131,2+
6350,2-
6788,1L
6788,2R
7226,1
7335,2
7445,1
7554,2
7883,1
7992,2
8102,1
8211,2
8540,1+
9197,1-
8540,2+
9197,2-
9635,1+
9854,1-
9635,2+
9854,2-
10291,1L
10291,2R
10729,2
10839,1
10948,2
11058,1
11386,2
11496,1
11605,2
11715,1
12043,2+
12262,2-
12262,1
12481,2
12700,1
12919,2+
13357,2-
13357,1
13576,2
13795,1+
14452,1-
14233,2+
14452,2-
14890,1L
14890,2R
15328,1U
15328,2U
15766,1
16204,2
16642,1
16642,2
16861,2
16970,1
17299,1+
17956,1L
17299,2+
17956,2L
18394,1R
18394,2R
18832,1L
18832,2L
19270,1
19708,2
20145,1
20145,2
20364,1
20474,2
20802,2+
21678,1D-
22116,1L
22116,2R
22773,1
22773,2
23211,1
23649,1
23649,2
23868,2
23978,1
24306,1+
25620,2SL
26277,1+
26934,2S=
27591,1-
28029,1+
28467,1-
28467,2
28905,2+
29343,2-
29343,1
29781,1
30218,1
30656,1
30656,2
30875,2
30985,1
31313,1+
31970,1-
31313,2+
31970,2-
32408,1U
32408,2U
32846,1U
32846,2U
33284,1
33284,2
33722,2
34160,1
34160,2
34379,2
34489,1
34817,2+
36131,1DU
36788,1
37226,2
37664,1
37664,2
37883,2
37992,1
38321,1+
38759,1-
38321,2+
38759,2-
38978,1
39197,2
39635,1R
39635,2R
40072,1+
40291,1-
40291,2
40510,1+
40729,1-
40729,2
40948,1+
41167,1-
41167,2
41386,1+
41605,1-
41605,2
41824,1R
42262,2
42481,1
42700,1U
42700,2U
43138,1
43357,2
44014,1
44233,1
44233,2
44671,2+
45109,2-
45109,1
45328,1+
45766,1-
45328,2+
45766,2-
45985,1
45985,2
46423,2
46642,1
46861,2
47518,1
47737,2+
48175,2-
48175,1
48394,2
48613,1
48832,2+
49270,2-
49270,1
49489,2+
50364,2-
49927,1
50145,1
50364,1
51021,1
51240,2+
51678,2-
51678,1
51897,2
52116,1
52335,2
52773,1
53211,2
53649,1
54087,1+
55182,1-
54087,2+
55182,2-
55839,1+
56277,1-
55839,2+
56277,2-
56496,1
56715,2
56934,1
57153,2
57591,1+
58029,1-
58029,2+
58467,2-
58248,1+
58686,1U
59343,1U
59343,2U
59781,1
60000,2
60218,1
60437,2
60656,1
60656,2
61094,1+
61532,1-
61532,2
61751,2+
61970,2-
61970,1
62627,1
62846,2+
63284,2-
63284,1
63503,2
63722,1
63941,2+
64379,2-
64160,1+
64379,1-
64598,1
64598,2
65036,1
65036,2
65474,1
65474,2
65912,1U
65912,2U
66350,1
66350,2
67007,1
67226,2
67445,1
67664,2
67883,1
68102,2L
68540,1
68759,2
68978,1
69197,2L
69635,1
69854,2+
70510,2-
70510,1
70948,2
71167,1
71386,2
71605,1L
72043,1+
72481,1U
72262,2+
72481,2U
73357,1R
73357,2R
73795,2
74014,1
74233,2
74452,1+
74671,1R
75109,1+
75547,1-
75547,2
75766,2+
75985,2-
75985,1
76642,1
76861,2+
77299,2-
77299,1
77518,2
77737,1
77956,2+
78394,2-
78175,1+
78394,1-
78613,1R
78613,2R
79051,1L
79051,2L
79489,1R
79489,2R
79927,1L
79927,2L
80364,1
80364,2
81021,1
81240,2
81459,1
81678,2
81897,1
82116,2+
82554,2-
82554,1
82773,2+
83211,2-
82992,1+
83211,1-
83649,1+
83868,1R
84525,2
84744,1
84963,2
85182,1
85401,2
85620,1+
86058,1L
86058,2R
86496,1L
86496,2R
86934,1L
86934,2R
87372,1!
94598,1
95036,1
95036,2
95474,2
95912,1
95912,2
96131,1+
96569,1-
96788,1+
97664,2S-
98102,1+
98540,1-
98540,2+
98978,2-
98978,1+
99416,1-
99416,2
99854,1+
100729,1L
99854,2+
100729,2R
101386,1U
101824,1
102043,1
102481,1U
103138,1R
103576,1
103795,2
104014,1
104671,2
104890,2
105328,2
105547,2
105766,1
105985,1
106204,2
106423,2
106642,1
106642,2
107080,1
107080,2
107518,1
107518,2
107956,1U
107956,2U
109051,1R
109489,1
109489,2
109927,1
110364,2L
110802,2
111240,1
111240,2
111678,1
111897,2
112116,1
112335,2
112554,1
112773,2
112992,1+
113430,1-
113211,2
113649,1R
113649,2R
114087,1+
114525,1R
114306,2+
114525,2R
115401,1U
115839,2
116058,1
116277,2+
116715,2-
116715,1
117153,1R
117153,2R
117591,2
117810,1
118029,2
118248,1+
118467,1R
118905,1+
119343,1-
119343,2
119562,2+
119781,2-
119781,1
120437,1
120656,2+
121094,2-
121094,1
121313,2
121532,1
121751,2+
122189,2-
121970,1+
122189,1-
122408,1R
122408,2R
122846,1L
122846,2L
123284,1R
123284,2R
123722,1L
123722,2L
124160,1
124160,2
124817,1
125036,2
125255,1
125474,2
125693,1
125912,2+
126350,2-
126350,1
126569,2+
127007,2-
126788,1+
127007,1-
127445,1+
127664,1R
128321,2
128540,1
128759,2
128978,1
129197,2
129416,1+
129854,1L
129854,2R
130291,1L
130291,2R
130729,1L
130729,2R
131167,1U
131167,2U
131824,1
131824,2
132262,1+
132481,1-
132262,2+
132481,2-
132919,1
132919,2
133357,1
133467,2
133576,1
133686,2
134014,1
134124,2
134233,1
134343,2
134671,1+
135328,1-
134671,2+
135328,2-
135766,1+
135985,1-
135766,2+
135985,2-
136423,1
136423,2
136861,2
136970,1
137080,2
137189,1
137518,2
137627,1
137737,2
137846,1
138394,1
138394,2+
139051,2-
138722,1
139051,1+
139708,1-
139379,2
139708,2
140145,1+
141021,1U
140145,2+
141021,2U
141897,1L
141897,2L
142226,1R
142226,2R
142554,1L
142554,2L
142992,1
142992,2
143211,1+
143430,1L
143211,2+
143430,2L